100
1725960587
10482033
77869577
936439616
1980460896
1757234219
1640405189
894951337
471657371
783293320
736073130
1675289190
927320513
1187035712
386130954
7362644
1337389829
1947006501
2129932968
1378481333
1082179895
1158488822
1634887652
503503799
1302780613
90497879
579430277
1793810041
42438854
305248374
2118472782
2040663461
2116946437
9703163
2019787016
1286369783
1299068532
2126061922
742320621
1450171724
1244255465
5845769
1613075468
1125830948
362329319
1552725188
430956372
1768886520
2059616219
680886740
1870567964
1622662515
1194056352
270426849
988654091
1228330598
792061975
2081969719
566523015
1757305954
698571687
601245260
1218525685
1357130003
860145634
1755242681
380880728
1961127436
1089802696
425886409
309880612
515601909
624768918
1443654643
1233341095
1251622821
1422430182
996110470
1993640925
2083165981
1344745626
1021835154
556708219
8786754
1650086482
399685616
187300296
1892532017
1405314002
1087281908
1008675433
572093013
882981872
1164321934
887753274
1900380409
169252232
1353914596
505891360
628329047
